kinematics:
  shoulder:
    x: 0
    y: 0
    z: 0.1519945723104259
    roll: -0
    pitch: 0
    yaw: 7.494689932722078e-05
  upper_arm:
    x: 5.34470087310304e-05
    y: 0
    z: 0
    roll: 1.569887424079822
    pitch: 0
    yaw: -6.331686553813776e-05
  forearm:
    x: -0.2436417759363939
    y: 0
    z: 0
    roll: 0.003617785993300551
    pitch: -0.0007515864138577323
    yaw: 2.15133973985506e-05
  wrist_1:
    x: -0.2133059246546967
    y: 0.000678936257488062
    z: 0.1124618786293903
    roll: 3.135555692285033
    pitch: -3.14150380028608
    yaw: -3.141585297516642
  wrist_2:
    x: 5.627147961623973e-05
    y: -0.0852875526940015
    z: -2.731817142081017e-06
    roll: 1.570828357461211
    pitch: 0
    yaw: -1.694971370941387e-05
  wrist_3:
    x: -4.146685885839385e-05
    y: 0.08239022338902846
    z: 5.677901874153494e-06
    roll: 1.570865241547541
    pitch: 3.141592653589793
    yaw: -3.141584673415827
  hash: calib_15942084251588500897