kinematics:
  shoulder:
    x: 0
    y: 0
    z: 0.1627936093479327
    roll: -0
    pitch: 0
    yaw: 1.609084998820121e-07
  upper_arm:
    x: 0.0001610718332616545
    y: 0
    z: 0
    roll: 1.57093165381043
    pitch: 0
    yaw: -4.161871401118527e-06
  forearm:
    x: -0.4250805583472582
    y: 0
    z: 0
    roll: 0.001154064079318938
    pitch: -5.842348686652026e-05
    yaw: 1.163122939541935e-05
  wrist_1:
    x: -0.3926044851638397
    y: -0.0005893212314460023
    z: 0.1328172252332772
    roll: 0.004437055231302344
    pitch: -0.002584813876826639
    yaw: -1.164134737723782e-06
  wrist_2:
    x: -8.105572841924499e-06
    y: -0.09970577279558236
    z: -6.421604537565806e-06
    roll: 1.570860732338815
    pitch: 0
    yaw: 2.780642477137433e-07
  wrist_3:
    x: 0.0001301446366078737
    y: 0.09952536007630293
    z: 0.0001885273067285564
    roll: 1.572690588529705
    pitch: 3.141592653589793
    yaw: 3.141592612442017
  hash: calib_3903222461316281357